Compound: TPCN04859
SMILES:   CC1(C=O)CCC23COC4(CCC5C6(C)CCC(OC7OCC(OC8OC(CO)C(O)C(OC9OC(CO)C(O)C(O)C9O)C8OC%11OCC(O)C(O)C%11O)C(O)C7OC%10OC(CO)C(O)C(O)C%10O)C(C)(C)C6CCC5(C)C4(C)CC2O)C3C1

All beads
--------------------------------------------------------------------------------
index    bead_type  atoms_idx            atoms_elem           #conns       mass     x        y        z       
0        SC4        0,1,84               C,C,C                3            54.0     1.2229   -0.2101  0.1651  
1        TN4a       2,3                  C,O                  1            36.0     1.3283   -0.4040  0.2207  
2        TC3        4,5                  C,C                  2            36.0     1.2447   -0.2709  -0.0651 
3        SC4        6,9,83               C,C,C                6            54.0     0.9929   -0.1671  -0.0180 
4        TN4a       7,8                  C,O                  1            36.0     0.8862   -0.2864  -0.0632 
5        TC3        10,11                C,C                  2            36.0     0.7384   -0.1096  0.1524  
6        SC4        12,76,77             C,C,C                4            54.0     0.6541   0.0409   -0.0120 
7        SC4        13,14,73             C,C,C                4            54.0     0.4082   -0.0909  -0.0515 
8        TC3        15,16                C,C                  2            36.0     0.3009   -0.0228  0.1318  
9        TN6        17,18                C,O                  3            36.0     0.0948   0.0434   0.0105  
10       SN4a       19,20,21             C,O,C                3            54.0     -0.1230  -0.0466  0.0725  
11       TN6        22,23                C,O                  3            36.0     -0.3630  -0.0363  0.1758  
12       SN4a       24,25,26             C,O,C                4            54.0     -0.5886  -0.0387  0.3465  
13       TN2a       27,28                C,O                  1            36.0     -0.6337  -0.0487  0.6112  
14       TN6        29,30                C,O                  2            36.0     -0.8576  -0.0203  0.3733  
15       TN6        31,32                C,O                  3            36.0     -0.8352  -0.0147  0.1609  
16       SN4a       33,34,35             C,O,C                4            54.0     -0.9837  0.0225   -0.0772 
17       TN2a       36,37                C,O                  1            36.0     -1.1561  -0.0615  -0.3101 
18       TN6        38,39                C,O                  2            36.0     -1.1779  -0.0866  -0.0232 
19       TN6        40,41                C,O                  2            36.0     -1.1878  0.0494   0.1344  
20       TN6        42,43                C,O                  2            36.0     -1.0254  0.1812   0.1350  
21       TN6        44,45                C,O                  3            36.0     -0.6525  -0.1235  0.1358  
22       SN4a       46,47,48             C,O,C                3            54.0     -0.7845  -0.2818  -0.0520 
23       TN6        49,50                C,O                  2            36.0     -0.7829  -0.4514  -0.2610 
24       TN6        51,52                C,O                  2            36.0     -0.5749  -0.4551  -0.1997 
25       TN6        53,54                C,O                  2            36.0     -0.5800  -0.3956  0.0052  
26       TN6        55,56                C,O                  2            36.0     -0.3494  -0.0020  -0.0283 
27       TN6        57,58                C,O                  3            36.0     -0.1843  0.1719   -0.0092 
28       SN4a       59,60,61             C,O,C                4            54.0     -0.2490  0.4059   -0.1150 
29       TN2a       62,63                C,O                  1            36.0     -0.4261  0.5657   -0.2949 
30       TN6        64,65                C,O                  2            36.0     -0.2233  0.6650   -0.1223 
31       TN6        66,67                C,O                  2            36.0     -0.1562  0.6267   0.0729  
32       TN6        68,69                C,O                  2            36.0     -0.0371  0.4836   -0.0286 
33       SC4        70,71,72             C,C,C                2            54.0     0.2267   0.1463   -0.1225 
34       TC3        74,75                C,C                  2            36.0     0.5560   0.0862   -0.2006 
35       SC4        78,79,80             C,C,C                3            54.0     0.8913   0.0184   -0.1153 
36       TN6        81,82                C,O                  2            36.0     1.0840   -0.0809  -0.2307 

Bead connections
--------------------------------------------------------------------------------
index    to_idx   bond    
0        1        1.0     
0        2        1.0     
0        3        1.0     
2        3        1.0     
3        4        1.0     
3        5        1.0     
3        35       1.0     
3        36       1.0     
5        6        1.0     
6        7        1.0     
6        34       1.0     
6        35       1.0     
7        8        1.0     
7        33       1.0     
7        34       1.0     
8        9        1.0     
9        10       1.0     
9        33       1.0     
10       11       1.0     
10       27       1.0     
11       12       1.0     
11       26       1.0     
12       13       1.0     
12       14       1.0     
12       21       1.0     
14       15       1.0     
15       16       1.0     
15       21       1.0     
16       17       1.0     
16       18       1.0     
16       20       1.0     
18       19       1.0     
19       20       1.0     
21       22       1.0     
22       23       1.0     
22       25       1.0     
23       24       1.0     
24       25       1.0     
26       27       1.0     
27       28       1.0     
28       29       1.0     
28       30       1.0     
28       32       1.0     
30       31       1.0     
31       32       1.0     
35       36       1.0     