Compound: TPCN04126
SMILES:   CC1CCC2(C(=O)OC3OC(CO)C(O)C(O)C3O)CCC7(C)C(=CCC4C5(C)CCC(OC6OCC(O)C(O)C6OC8OC(CO)C(O)C(O)C8OC9OC(CO)C(O)C(O)C9O)C(C)(C)C5CCC47C)C2C1(C)O

All beads
--------------------------------------------------------------------------------
index    bead_type  atoms_idx            atoms_elem           #conns       mass     x        y        z       
0        TC4        0,1                  C,C                  2            36.0     0.7004   -0.2922  -0.1513 
1        TC3        2,3                  C,C                  2            36.0     0.6618   -0.0529  -0.2248 
2        TC5        4,72                 C,C                  5            36.0     0.5502   -0.0165  -0.0278 
3        SN4a       5,6,7                C,O,O                2            54.0     0.7583   0.0786   0.0337  
4        SN4a       8,9,10               C,O,C                4            54.0     1.0082   0.1801   0.0787  
5        TP1d       11,12                C,O                  1            36.0     0.9915   0.2473   0.3180  
6        TN6        13,14                C,O                  2            36.0     1.2208   0.1008   0.1396  
7        TN6        15,16                C,O                  2            36.0     1.2669   0.1102   -0.0676 
8        TN6        17,18                C,O                  2            36.0     1.0966   -0.0070  -0.0874 
9        TC3        19,20                C,C                  2            36.0     0.4569   0.1879   -0.0165 
10       SC4        21,22,23             C,C,C                4            54.0     0.2986   0.0349   -0.0117 
11       TC3        24,25                C,C                  2            36.0     0.2260   -0.1482  0.1430  
12       SC4        26,70,71             C,C,C                4            54.0     0.1722   0.0691   0.1898  
13       SC4        27,28,67             C,C,C                4            54.0     -0.0726  0.0536   0.2580  
14       TC3        29,30                C,C                  2            36.0     -0.2203  -0.0981  0.1624  
15       TN6        31,32                C,O                  3            36.0     -0.3214  0.0054   -0.0333 
16       SN4a       33,34,35             C,O,C                3            54.0     -0.3690  -0.0281  -0.3067 
17       TN6        36,37                C,O                  2            36.0     -0.3404  -0.2305  -0.4222 
18       TN6        38,39                C,O                  2            36.0     -0.5305  -0.2836  -0.3462 
19       TN6        40,41                C,O                  3            36.0     -0.5478  -0.1401  -0.1741 
20       SN4a       42,43,44             C,O,C                4            54.0     -0.7188  -0.3039  -0.0650 
21       TP1d       45,46                C,O                  1            36.0     -0.7408  -0.5661  -0.1091 
22       TN6        47,48                C,O                  2            36.0     -0.8932  -0.3878  0.1203  
23       TN6        49,50                C,O                  2            36.0     -0.8492  -0.1728  0.1622  
24       TN6        51,52                C,O                  3            36.0     -0.7953  -0.0567  -0.0004 
25       SN4a       53,54,55             C,O,C                4            54.0     -0.7959  0.1917   -0.0646 
26       TP1d       56,57                C,O                  1            36.0     -0.6149  0.3619   -0.1622 
27       TN6        58,59                C,O                  2            36.0     -0.7623  0.2882   0.1562  
28       TN6        60,61                C,O                  2            36.0     -0.9676  0.3299   0.1453  
29       TN6        62,63                C,O                  2            36.0     -1.0385  0.1607   0.0299  
30       SC4        64,65,66             C,C,C                2            54.0     -0.2288  0.1960   0.0104  
31       TC3        68,69                C,C                  2            36.0     0.0432   0.2531   0.1558  
32       SN6        73,74,75             C,C,O                2            54.0     0.4967   -0.2633  -0.0680 

Bead connections
--------------------------------------------------------------------------------
index    to_idx   bond    
0        1        1.0     
0        32       1.0     
1        2        1.0     
2        3        1.0     
2        9        1.0     
2        10       1.0     
2        32       1.0     
3        4        1.0     
4        5        1.0     
4        6        1.0     
4        8        1.0     
6        7        1.0     
7        8        1.0     
9        10       1.0     
10       11       2.0     
10       12       1.0     
11       12       1.0     
12       13       1.0     
12       31       1.0     
13       14       1.0     
13       30       1.0     
13       31       1.0     
14       15       1.0     
15       16       1.0     
15       30       1.0     
16       17       1.0     
16       19       1.0     
17       18       1.0     
18       19       1.0     
19       20       1.0     
20       21       1.0     
20       22       1.0     
20       24       1.0     
22       23       1.0     
23       24       1.0     
24       25       1.0     
25       26       1.0     
25       27       1.0     
25       29       1.0     
27       28       1.0     
28       29       1.0     