Compound: TPCN05469
SMILES:   C=C1CCC2(C(=O)OC3OC(COC4OC(CO)C(OC5OC(C)C(O)C(O)C5O)C(O)C4O)C(O)C(O)C3O)CCC7(C)C(=CCC8C9(C)CCC(OC6OCC(O)C(O)C6OC%10OC(CO)C(O)C(O)C%10O)C(C)(C)C9CCC87C)C2C1

All beads
--------------------------------------------------------------------------------
index    bead_type  atoms_idx            atoms_elem           #conns       mass     x        y        z       
0        SC4        0,1,83               C,C,C                2            54.0     -0.1077  0.5141   -0.0893 
1        TC3        2,3                  C,C                  2            36.0     0.1013   0.4867   0.0144  
2        TC5        4,82                 C,C                  5            36.0     0.0566   0.2935   -0.0956 
3        SN4a       5,6,7                C,O,O                2            54.0     0.2782   0.2083   -0.1160 
4        SN4a       8,9,10               C,O,C                4            54.0     0.5252   0.0221   -0.0256 
5        TP1d       11,12                C,O                  2            36.0     0.7673   -0.1239  0.0738  
6        SN4a       13,14,15             C,O,C                4            54.0     0.9901   -0.2523  0.0703  
7        TP1d       16,17                C,O                  1            36.0     1.2260   -0.3453  -0.0197 
8        TN6        18,19                C,O                  3            36.0     1.2236   -0.1263  0.1183  
9        TN4a       20,21                C,O                  3            36.0     1.3462   0.0192   0.0247  
10       TC4        22,23                C,C                  2            36.0     1.4553   0.0217   -0.1878 
11       TN6        24,25                C,O                  2            36.0     1.6119   -0.1045  -0.1038 
12       TN6        26,27                C,O                  2            36.0     1.6509   -0.0685  0.0963  
13       TN6        28,29                C,O                  2            36.0     1.4851   -0.0067  0.2254  
14       TN6        30,31                C,O                  2            36.0     1.1396   -0.1410  0.3130  
15       TN6        32,33                C,O                  2            36.0     0.9303   -0.1281  0.2945  
16       TN6        34,35                C,O                  2            36.0     0.6876   0.0132   -0.1960 
17       TN6        36,37                C,O                  2            36.0     0.5401   -0.1739  -0.2275 
18       TN6        38,39                C,O                  2            36.0     0.3761   -0.0078  -0.2506 
19       TC3        40,41                C,C                  2            36.0     0.0383   0.1601   0.0813  
20       SC4        42,43,44             C,C,C                4            54.0     -0.1589  0.1669   -0.0137 
21       TC3        45,46                C,C                  2            36.0     -0.2700  0.1379   -0.2184 
22       SC4        47,80,81             C,C,C                4            54.0     -0.2052  -0.0717  -0.0777 
23       SC4        48,49,77             C,C,C                4            54.0     -0.4433  -0.1940  -0.1213 
24       SC3        50,51,52             C,C,C                3            54.0     -0.6654  -0.1137  -0.1457 
25       TN6        53,54                O,C                  3            36.0     -0.8868  -0.2301  -0.0224 
26       TN4a       55,56                O,C                  2            36.0     -1.0102  -0.3890  0.0074  
27       TN6        57,58                C,O                  2            36.0     -1.0422  -0.3101  0.2248  
28       TN6        59,60                C,O                  2            36.0     -1.1825  -0.1704  0.1572  
29       TN6        61,62                C,O                  3            36.0     -1.0795  -0.0895  -0.0221 
30       SN4a       63,64,65             C,O,C                4            54.0     -1.2855  0.0820   0.0246  
31       TP1d       66,67                C,O                  1            36.0     -1.5529  0.0815   0.0665  
32       TN6        68,69                C,O                  2            36.0     -1.4068  0.3221   0.0222  
33       TN6        70,71                C,O                  2            36.0     -1.2425  0.3560   -0.1112 
34       TN6        72,73                C,O                  2            36.0     -1.0978  0.1960   -0.1302 
35       SC4        74,75,76             C,C,C                2            54.0     -0.6181  -0.0798  0.1192  
36       TC3        78,79                C,C                  2            36.0     -0.3191  -0.1460  0.1012  

Bead connections
--------------------------------------------------------------------------------
index    to_idx   bond    
0        1        1.0     
0        2        1.0     
1        2        1.0     
2        3        1.0     
2        19       1.0     
2        20       1.0     
3        4        1.0     
4        5        1.0     
4        16       1.0     
4        18       1.0     
5        6        1.0     
6        7        1.0     
6        8        1.0     
6        15       1.0     
8        9        1.0     
8        14       1.0     
9        10       1.0     
9        13       1.0     
10       11       1.0     
11       12       1.0     
12       13       1.0     
14       15       1.0     
16       17       1.0     
17       18       1.0     
19       20       1.0     
20       21       2.0     
20       22       1.0     
21       22       1.0     
22       23       1.0     
22       36       1.0     
23       24       1.0     
23       35       1.0     
23       36       1.0     
24       25       1.0     
24       35       1.0     
25       26       1.0     
25       29       1.0     
26       27       1.0     
27       28       1.0     
28       29       1.0     
29       30       1.0     
30       31       1.0     
30       32       1.0     
30       34       1.0     
32       33       1.0     
33       34       1.0     