Compound: TPCN00392
SMILES:   CCC1CN(C)C2Cc3c([nH]c4ccccc34)C(c6cc8[nH]c5c(c8cc6OC)CCN7C(CC(C)=O)C9CC(CC)C7C5(C(=O)OC)C9)CC1C2C(=O)OC

All beads
--------------------------------------------------------------------------------
index    bead_type  atoms_idx            atoms_elem           #conns       mass     x        y        z       
0        TC3        0,1                  C,C                  1            36.0     -0.4817  -0.1817  -0.3311 
1        TC3        2,3                  C,C                  3            36.0     -0.5680  -0.1066  -0.1196 
2        TC4        4,5                  N,C                  2            36.0     -0.7104  -0.1068  0.0832  
3        TC4        6                    C                    3            36.0     -0.6495  0.0727   0.0570  
4        SC4        7,8,9                C,c,c                4            54.0     -0.4364  0.0155   0.1605  
5        TN6d       10                   n                    2            36.0     -0.2554  -0.1395  0.1797  
6        TC5        11,16                c,c                  4            36.0     -0.3766  -0.1303  0.2993  
7        TC5        12,13                c,c                  2            36.0     -0.3307  -0.2781  0.4391  
8        TC5        14,15                c,c                  2            36.0     -0.5046  -0.1578  0.4607  
9        TC3        17,49                C,C                  3            36.0     -0.3234  0.0574   -0.0590 
10       TC5        18,19                c,c                  3            36.0     -0.0877  0.0018   -0.0466 
11       TC5        20,24                c,c                  4            36.0     0.1154   0.0458   -0.0279 
12       TN6d       21                   n                    2            36.0     0.1991   -0.0816  -0.1043 
13       TC5        22,23                c,c                  4            36.0     0.2935   0.0390   -0.0250 
14       TC5        25,26                c,c                  3            36.0     -0.0237  0.1713   0.0653  
15       TP1d       27,28                O,C                  1            36.0     -0.1732  0.2943   0.1636  
16       TC3        29,30                C,C                  2            36.0     0.4271   0.2026   0.0758  
17       SC3        31,32,37             N,C,C                4            54.0     0.5964   -0.0136  0.1051  
18       SN5a       33,34,35,36          C,C,C,O              1            54.0     0.8214   0.1352   0.2153  
19       SC3        38,39,42             C,C,C                3            54.0     0.6680   -0.0602  -0.0604 
20       TC3        40,41                C,C                  1            36.0     0.7483   -0.0500  -0.2969 
21       TC3        43,48                C,C                  4            36.0     0.4657   -0.1324  -0.0160 
22       N4a        44,45,46,47          C,O,O,C              1            72.0     0.4329   -0.1738  -0.3004 
23       TC3        50,51                C,C                  4            36.0     -0.5626  0.1156   -0.1128 
24       N4a        52,53,54,55          C,O,O,C              1            72.0     -0.8161  0.2263   -0.1832 

Bead connections
--------------------------------------------------------------------------------
index    to_idx   bond    
0        1        1.0     
1        2        1.0     
1        23       1.0     
2        3        1.0     
3        4        1.0     
3        23       1.0     
4        5        1.5     
4        6        1.5     
4        9        1.0     
5        6        1.5     
6        7        1.5     
6        8        1.5     
7        8        1.5     
9        10       1.0     
9        23       1.0     
10       11       1.5     
10       14       1.5     
11       12       1.5     
11       13       1.5     
11       14       1.5     
12       13       1.5     
13       16       1.0     
13       21       1.0     
14       15       1.0     
16       17       1.0     
17       18       1.0     
17       19       1.0     
17       21       1.0     
19       20       1.0     
19       21       1.0     
21       22       1.0     
23       24       1.0     