Compound: TPCN04370
SMILES:   CC1OC(OC2CCC3(C)C(CCC4(C)C3CC=C9C5CC(C)(C)C(OC6OC(CO)C(O)C(O)C6O)CC5(CO)C(O)CC94C)C2(C)CO)C(OC7OC(CO)C(O)C(O)C7O)C(OC8OC(CO)C(O)C(O)C8O)C1O

All beads
--------------------------------------------------------------------------------
index    bead_type  atoms_idx            atoms_elem           #conns       mass     x        y        z       
0        TC4        0,1                  C,C                  2            36.0     -0.6284  0.3762   0.0931  
1        TN4a       2,3                  O,C                  3            36.0     -0.5362  0.1965   -0.0300 
2        TN6        4,5                  O,C                  3            36.0     -0.3269  0.1129   -0.0053 
3        TC3        6,7                  C,C                  2            36.0     -0.0970  0.1792   -0.0611 
4        SC4        8,9,10               C,C,C                4            54.0     -0.0137  0.0216   0.0645  
5        TC3        11,12                C,C                  2            36.0     0.0483   -0.1847  -0.1216 
6        SC4        13,14,15             C,C,C                4            54.0     0.2120   -0.0397  -0.1111 
7        TC3        16,17                C,C                  2            36.0     0.3375   0.1156   0.0017  
8        SC4        18,44,45             C,C,C                4            54.0     0.3914   -0.1323  0.0091  
9        SC5        19,20,38             C,C,C                5            54.0     0.6381   -0.0620  -0.0924 
10       SC4        21,22,23             C,C,C                2            54.0     0.7985   0.1321   -0.2103 
11       SN6        24,25,37             C,O,C                3            54.0     0.8979   -0.0763  -0.1301 
12       SN4a       26,27,28             C,O,C                4            54.0     1.1914   0.0996   -0.1154 
13       TP1d       29,30                C,O                  1            36.0     1.3539   0.3432   -0.0706 
14       TN6        31,32                C,O                  2            36.0     1.3876   0.1194   0.0676  
15       TN6        33,34                C,O                  2            36.0     1.2833   -0.0724  0.1123  
16       TN6        35,36                C,O                  2            36.0     1.2415   -0.1168  -0.1197 
17       TP1d       39,40                C,O                  1            36.0     0.7401   -0.1651  0.1448  
18       SN6        41,42,43             C,O,C                2            54.0     0.5330   -0.3159  -0.0963 
19       TC4        46,47                C,C                  3            36.0     -0.2459  -0.0662  0.0893  
20       TP1d       48,49                C,O                  1            36.0     -0.2923  -0.2273  -0.0453 
21       TC3        50,63                C,C                  4            36.0     -0.6381  0.0690   0.1079  
22       TN6        51,52                O,C                  3            36.0     -0.6942  -0.0949  -0.0368 
23       TN4a       53,54                O,C                  3            36.0     -0.8326  -0.2751  0.0189  
24       TP1d       55,56                C,O                  1            36.0     -0.7552  -0.4245  0.1555  
25       TN6        57,58                C,O                  2            36.0     -0.9323  -0.3967  -0.1546 
26       TN6        59,60                C,O                  2            36.0     -0.8064  -0.2960  -0.2980 
27       TN6        61,62                C,O                  2            36.0     -0.6528  -0.1708  -0.2238 
28       TN6        64,65                O,C                  3            36.0     -0.8567  0.1281   0.1527  
29       TN4a       66,67                O,C                  3            36.0     -0.9862  0.2427   0.2774  
30       TP1d       68,69                C,O                  1            36.0     -0.9680  0.4226   0.3865  
31       TN6        70,71                C,O                  2            36.0     -1.2148  0.2524   0.2655  
32       TN6        72,73                C,O                  2            36.0     -1.2181  0.0913   0.1202  
33       TN6        74,75                C,O                  2            36.0     -1.0208  0.1159   0.0296  
34       TN6        76,77                C,O                  2            36.0     -0.6212  0.2487   0.2740  

Bead connections
--------------------------------------------------------------------------------
index    to_idx   bond    
0        1        1.0     
0        34       1.0     
1        2        1.0     
1        21       1.0     
2        3        1.0     
2        19       1.0     
3        4        1.0     
4        5        1.0     
4        6        1.0     
4        19       1.0     
5        6        1.0     
6        7        1.0     
6        8        1.0     
7        8        2.0     
8        9        1.0     
8        18       1.0     
9        10       1.0     
9        11       1.0     
9        17       1.0     
9        18       1.0     
10       11       1.0     
11       12       1.0     
12       13       1.0     
12       14       1.0     
12       16       1.0     
14       15       1.0     
15       16       1.0     
19       20       1.0     
21       22       1.0     
21       28       1.0     
21       34       1.0     
22       23       1.0     
22       27       1.0     
23       24       1.0     
23       25       1.0     
25       26       1.0     
26       27       1.0     
28       29       1.0     
28       33       1.0     
29       30       1.0     
29       31       1.0     
31       32       1.0     
32       33       1.0     