Compound: TPCN04907
SMILES:   CC1(C(=O)O)CCC23COC4(CCC5C6(C)CCC(OC7OCC(OC8OC(CO)C(O)C(OC9OC(CO)C(O)C(O)C9O)C8OC%11OCC(O)C(O)C%11O)C(O)C7OC%10OC(CO)C(O)C(O)C%10O)C(C)(C)C6CCC5(C)C4(C)CC2O)C3C1

All beads
--------------------------------------------------------------------------------
index    bead_type  atoms_idx            atoms_elem           #conns       mass     x        y        z       
0        SC4        0,1,85               C,C,C                3            54.0     -1.1607  0.3249   -0.0805 
1        SN4a       2,3,4                C,O,O                1            54.0     -1.3770  0.2293   -0.0892 
2        TC3        5,6                  C,C                  2            36.0     -1.1625  0.2422   0.1482  
3        SC4        7,10,84              C,C,C                6            54.0     -0.9378  0.1522   0.0188  
4        TN4a       8,9                  C,O                  1            36.0     -0.8265  0.1417   0.1388  
5        TC3        11,12                C,C                  2            36.0     -0.6737  0.2112   -0.1240 
6        SC4        13,77,78             C,C,C                4            54.0     -0.6307  -0.0712  -0.1027 
7        SC4        14,15,74             C,C,C                4            54.0     -0.3735  0.0381   -0.1393 
8        TC3        16,17                C,C                  2            36.0     -0.2815  -0.1124  -0.0085 
9        TN6        18,19                C,O                  3            36.0     -0.0884  -0.1407  -0.1668 
10       SN4a       20,21,22             C,O,C                3            54.0     0.1695   -0.0513  -0.1691 
11       TN6        23,24                C,O                  3            36.0     0.4099   -0.0166  -0.0564 
12       SN4a       25,26,27             C,O,C                4            54.0     0.6437   -0.1161  -0.0044 
13       TN2a       28,29                C,O                  1            36.0     0.8000   -0.2762  -0.1504 
14       TN6        30,31                C,O                  2            36.0     0.8572   -0.1656  0.1497  
15       TN6        32,33                C,O                  3            36.0     0.8491   0.0319   0.0819  
16       SN4a       34,35,36             C,O,C                4            54.0     1.0410   0.1801   0.1760  
17       TN2a       37,38                C,O                  1            36.0     1.0960   0.2143   0.4357  
18       TN6        39,40                C,O                  2            36.0     1.2267   0.3506   0.1433  
19       TN6        41,42                C,O                  2            36.0     1.2690   0.2240   -0.0203 
20       TN6        43,44                C,O                  2            36.0     1.0650   0.2574   -0.0611 
21       TN6        45,46                C,O                  3            36.0     0.6686   0.1253   0.0420  
22       SN4a       47,48,49             C,O,C                3            54.0     0.6295   0.3886   0.0847  
23       TN6        50,51                C,O                  2            36.0     0.7067   0.6202   -0.0034 
24       TN6        52,53                C,O                  2            36.0     0.7276   0.4633   -0.1394 
25       TN6        54,55                C,O                  2            36.0     0.5722   0.3209   -0.1674 
26       TN6        56,57                C,O                  2            36.0     0.2698   -0.1078  0.0733  
27       TN6        58,59                C,O                  3            36.0     0.1280   -0.2504  0.0066  
28       SN4a       60,61,62             C,O,C                4            54.0     0.1326   -0.4602  0.2046  
29       TN2a       63,64                C,O                  1            36.0     0.3446   -0.5611  0.2539  
30       TN6        65,66                C,O                  2            36.0     0.1332   -0.7295  0.2312  
31       TN6        67,68                C,O                  2            36.0     0.0731   -0.7058  0.0248  
32       TN6        69,70                C,O                  2            36.0     -0.0047  -0.5111  0.0138  
33       SC4        71,72,73             C,C,C                2            54.0     -0.2394  -0.1710  -0.3152 
34       TC3        75,76                C,C                  2            36.0     -0.5734  -0.0694  -0.3129 
35       SC4        79,80,81             C,C,C                3            54.0     -0.8806  -0.0459  -0.1007 
36       TN6        82,83                C,O                  2            36.0     -1.0790  -0.0496  0.0465  

Bead connections
--------------------------------------------------------------------------------
index    to_idx   bond    
0        1        1.0     
0        2        1.0     
0        3        1.0     
2        3        1.0     
3        4        1.0     
3        5        1.0     
3        35       1.0     
3        36       1.0     
5        6        1.0     
6        7        1.0     
6        34       1.0     
6        35       1.0     
7        8        1.0     
7        33       1.0     
7        34       1.0     
8        9        1.0     
9        10       1.0     
9        33       1.0     
10       11       1.0     
10       27       1.0     
11       12       1.0     
11       26       1.0     
12       13       1.0     
12       14       1.0     
12       21       1.0     
14       15       1.0     
15       16       1.0     
15       21       1.0     
16       17       1.0     
16       18       1.0     
16       20       1.0     
18       19       1.0     
19       20       1.0     
21       22       1.0     
22       23       1.0     
22       25       1.0     
23       24       1.0     
24       25       1.0     
26       27       1.0     
27       28       1.0     
28       29       1.0     
28       30       1.0     
28       32       1.0     
30       31       1.0     
31       32       1.0     
35       36       1.0     