Compound: TPCN05177
SMILES:   CC1OC(OC2C(OC3COC(OC4CCC5(C)C(CCC6(C)C5CC=C9C7CC(C)(CO)CCC7(CO)C(O)CC96C)C4(C)C)C(OC8OC(CO)C(O)C(O)C8O)C3O)OC(CO)C(O)C2O)C(O)C(O)C1O

All beads
--------------------------------------------------------------------------------
index    bead_type  atoms_idx            atoms_elem           #conns       mass     x        y        z       
0        TC4        0,1                  C,C                  2            36.0     -0.8812  0.5403   -0.0324 
1        TN4a       2,3                  O,C                  3            36.0     -0.7570  0.3617   -0.1214 
2        TN6        4,5                  O,C                  3            36.0     -0.6672  0.1540   -0.1560 
3        TN6        6,7                  C,O                  3            36.0     -0.5077  0.0227   -0.1853 
4        SN6        8,59,60              C,C,O                3            54.0     -0.2588  -0.0923  -0.2260 
5        TN4a       9,10                 C,O                  2            36.0     -0.2290  0.0515   -0.0395 
6        TN6        11,12                C,O                  3            36.0     -0.1375  -0.1253  0.0279  
7        SC3        13,14,15             C,C,C                3            54.0     0.0643   -0.0329  0.1444  
8        SC4        16,17,18             C,C,C                4            54.0     0.2519   -0.1088  0.0325  
9        TC3        19,20                C,C                  2            36.0     0.4393   -0.2478  0.1185  
10       SC4        21,22,23             C,C,C                4            54.0     0.4731   -0.0280  0.1637  
11       TC3        24,25                C,C                  2            36.0     0.4908   0.1879   0.0724  
12       SC4        26,41,42             C,C,C                4            54.0     0.7022   0.0278   0.1407  
13       TC5        27,35                C,C                  5            36.0     0.8579   0.1625   0.0014  
14       SC4        28,29,30             C,C,C                3            54.0     0.8579   0.4122   -0.0536 
15       TN2a       31,32                C,O                  1            36.0     0.9182   0.5960   0.0350  
16       TC3        33,34                C,C                  2            36.0     1.0216   0.2626   -0.1099 
17       TN2a       36,37                C,O                  1            36.0     1.0567   0.1567   0.1318  
18       SN6        38,39,40             C,O,C                2            54.0     0.8613   -0.0742  -0.0369 
19       SC4        43,44,45             C,C,C                2            54.0     0.1012   -0.3120  0.1640  
20       TN6        46,47                C,O                  3            36.0     -0.3515  -0.2105  -0.0461 
21       SN4a       48,49,50             C,O,C                4            54.0     -0.4580  -0.4470  0.0392  
22       TN2a       51,52                C,O                  1            36.0     -0.2844  -0.6089  0.0405  
23       TN6        53,54                C,O                  2            36.0     -0.5094  -0.6073  0.2494  
24       TN6        55,56                C,O                  2            36.0     -0.5787  -0.4184  0.3210  
25       TN6        57,58                C,O                  2            36.0     -0.4871  -0.2553  0.2271  
26       TN4a       61,62                O,C                  3            36.0     -0.6492  -0.1514  -0.2387 
27       TN2a       63,64                C,O                  1            36.0     -0.6888  -0.3416  -0.3176 
28       TN6        65,66                C,O                  2            36.0     -0.8554  -0.1350  -0.1101 
29       TN6        67,68                C,O                  2            36.0     -0.7903  0.0395   -0.0194 
30       TN6        69,70                C,O                  2            36.0     -0.6599  0.4146   -0.2999 
31       TN6        71,72                C,O                  2            36.0     -0.8911  0.4361   -0.3617 
32       TN6        73,74                C,O                  2            36.0     -0.9323  0.5989   -0.2405 

Bead connections
--------------------------------------------------------------------------------
index    to_idx   bond    
0        1        1.0     
0        32       1.0     
1        2        1.0     
1        30       1.0     
2        3        1.0     
2        29       1.0     
3        4        1.0     
3        26       1.0     
4        5        1.0     
4        20       1.0     
5        6        1.0     
6        7        1.0     
6        20       1.0     
7        8        1.0     
7        19       1.0     
8        9        1.0     
8        10       1.0     
8        19       1.0     
9        10       1.0     
10       11       1.0     
10       12       1.0     
11       12       2.0     
12       13       1.0     
12       18       1.0     
13       14       1.0     
13       16       1.0     
13       17       1.0     
13       18       1.0     
14       15       1.0     
14       16       1.0     
20       21       1.0     
21       22       1.0     
21       23       1.0     
21       25       1.0     
23       24       1.0     
24       25       1.0     
26       27       1.0     
26       28       1.0     
28       29       1.0     
30       31       1.0     
31       32       1.0     