Compound: TPCN05224
SMILES:   CC1OC(OC2C(OC3COC(OC4CCC5(C)C(CCC6(C)C5CCC97OCC8(CCC(C)(C=O)CC89)C(O)CC67C)C4(C)C)C(O)C3O)OC(CO)C(O)C2O)C(O)C(O)C1O

All beads
--------------------------------------------------------------------------------
index    bead_type  atoms_idx            atoms_elem           #conns       mass     x        y        z       
0        TC4        0,1                  C,C                  2            36.0     0.9047   0.1552   0.2331  
1        TN4a       2,3                  O,C                  3            36.0     0.9134   0.0336   0.0322  
2        TN6        4,5                  O,C                  3            36.0     0.8335   -0.0386  -0.1460 
3        TN6        6,7                  C,O                  3            36.0     0.6324   -0.0289  -0.0833 
4        SN6        8,48,49              C,C,O                3            54.0     0.5099   -0.1470  0.0911  
5        TN4a       9,10                 C,O                  2            36.0     0.3752   0.0824   0.1213  
6        TN6        11,12                C,O                  3            36.0     0.2200   -0.0441  0.1085  
7        SC3        13,14,15             C,C,C                3            54.0     -0.0348  -0.1368  -0.0140 
8        SC4        16,17,18             C,C,C                4            54.0     -0.2049  -0.0017  -0.0925 
9        TC3        19,20                C,C                  2            36.0     -0.3227  0.0244   0.1675  
10       SC4        21,22,23             C,C,C                4            54.0     -0.4157  -0.1358  0.0489  
11       TC3        24,25                C,C                  2            36.0     -0.5406  0.0437   -0.1388 
12       SC4        26,41,42             C,C,C                5            54.0     -0.6512  -0.1083  0.0195  
13       TN2a       27                   O                    2            36.0     -0.6548  0.1371   0.0732  
14       SC3        28,29,37             C,C,C                5            54.0     -0.8225  0.0712   0.0929  
15       TC3        30,31                C,C                  2            36.0     -1.0609  0.0711   0.0971  
16       SC4        32,33,36             C,C,C                3            54.0     -1.0305  0.1448   -0.1143 
17       TN4a       34,35                C,O                  1            36.0     -1.1697  -0.0182  -0.2090 
18       SN6        38,39,40             C,O,C                2            54.0     -0.8102  -0.1278  0.2079  
19       SC4        43,44,45             C,C,C                2            54.0     0.0048   0.1328   0.0325  
20       TN6        46,47                C,O                  2            36.0     0.3173   -0.2217  0.1565  
21       TN4a       50,51                O,C                  3            36.0     0.5592   0.0058   -0.3013 
22       TP1d       52,53                C,O                  1            36.0     0.3902   0.0232   -0.4293 
23       TN6        54,55                C,O                  2            36.0     0.7123   0.0949   -0.4254 
24       TN6        56,57                C,O                  2            36.0     0.8775   -0.0114  -0.3543 
25       TN6        58,59                C,O                  2            36.0     1.0565   -0.1260  0.0554  
26       TN6        60,61                C,O                  2            36.0     1.2123   0.0155   0.1421  
27       TN6        62,63                C,O                  2            36.0     1.1141   0.1985   0.1115  

Bead connections
--------------------------------------------------------------------------------
index    to_idx   bond    
0        1        1.0     
0        27       1.0     
1        2        1.0     
1        25       1.0     
2        3        1.0     
2        24       1.0     
3        4        1.0     
3        21       1.0     
4        5        1.0     
4        20       1.0     
5        6        1.0     
6        7        1.0     
6        20       1.0     
7        8        1.0     
7        19       1.0     
8        9        1.0     
8        10       1.0     
8        19       1.0     
9        10       1.0     
10       11       1.0     
10       12       1.0     
11       12       1.0     
12       13       1.0     
12       14       1.0     
12       18       1.0     
13       14       1.0     
14       15       1.0     
14       16       1.0     
14       18       1.0     
15       16       1.0     
16       17       1.0     
21       22       1.0     
21       23       1.0     
23       24       1.0     
25       26       1.0     
26       27       1.0     