Compound: TPCN05573
SMILES:   C=C1CCC2(C(=O)OC3OC(COC4OC(CO)C(OC5OC(C)C(O)C(O)C5O)C(O)C4O)C(O)C(O)C3O)CCC7(C)C(=CCC8C9(C)CCC(OC6OCC(O)C(O)C6OC%10OC(C)C(O)C(O)C%10O)C(C)(CO)C9CCC87C)C2C1

All beads
--------------------------------------------------------------------------------
index    bead_type  atoms_idx            atoms_elem           #conns       mass     x        y        z       
0        SC4        0,1,83               C,C,C                2            54.0     -0.0273  0.3458   -0.2837 
1        TC3        2,3                  C,C                  2            36.0     -0.1042  0.4185   -0.0752 
2        TC5        4,82                 C,C                  5            36.0     -0.0872  0.1986   -0.0580 
3        SN4a       5,6,7                C,O,O                2            54.0     -0.3070  0.1446   0.0101  
4        SN4a       8,9,10               C,O,C                4            54.0     -0.5300  -0.0020  -0.0441 
5        TN2a       11,12                C,O                  2            36.0     -0.7873  -0.0562  0.0950  
6        SN4a       13,14,15             C,O,C                4            54.0     -1.0062  -0.1487  0.0416  
7        TN2a       16,17                C,O                  1            36.0     -1.1485  -0.2562  -0.1588 
8        TN6        18,19                C,O                  3            36.0     -1.2401  -0.0987  0.0329  
9        TN4a       20,21                C,O                  3            36.0     -1.4391  -0.0570  0.0718  
10       TC4        22,23                C,C                  2            36.0     -1.5719  0.1147   0.0378  
11       TN6        24,25                C,O                  2            36.0     -1.7523  -0.0261  0.0361  
12       TN6        26,27                C,O                  2            36.0     -1.6746  -0.1946  0.1429  
13       TN6        28,29                C,O                  2            36.0     -1.5093  -0.2706  -0.0121 
14       TN6        30,31                C,O                  2            36.0     -1.1092  0.0872   0.1153  
15       TN6        32,33                C,O                  2            36.0     -1.0324  -0.0242  0.2808  
16       TN6        34,35                C,O                  2            36.0     -0.7084  -0.0309  -0.2041 
17       TN6        36,37                C,O                  2            36.0     -0.5600  -0.2205  -0.1931 
18       TN6        38,39                C,O                  2            36.0     -0.4236  -0.0454  -0.2846 
19       TC3        40,41                C,C                  2            36.0     -0.0142  0.1621   0.1440  
20       SC4        42,43,44             C,C,C                4            54.0     0.1675   0.1669   0.0254  
21       TC3        45,46                C,C                  2            36.0     0.2692   0.1278   -0.1741 
22       SC4        47,80,81             C,C,C                4            54.0     0.2424   -0.0653  0.0011  
23       SC4        48,49,77             C,C,C                4            54.0     0.4917   -0.1614  -0.0429 
24       SC3        50,51,52             C,C,C                3            54.0     0.6997   -0.0590  -0.0949 
25       TN6        53,54                O,C                  3            36.0     0.9379   -0.1327  0.0232  
26       TN4a       55,56                O,C                  2            36.0     1.0305   -0.3058  -0.0277 
27       TN6        57,58                C,O                  2            36.0     1.1527   -0.3915  0.1625  
28       TN6        59,60                C,O                  2            36.0     1.0864   -0.2060  0.2351  
29       TN6        61,62                C,O                  3            36.0     1.1734   -0.0806  0.0490  
30       TN4a       63,64                C,O                  3            36.0     1.3614   0.0507   0.0354  
31       TC4        65,66                C,C                  2            36.0     1.5659   0.0409   -0.0855 
32       TN6        67,68                C,O                  2            36.0     1.5305   0.2531   -0.0984 
33       TN6        69,70                C,O                  2            36.0     1.3187   0.3137   -0.1478 
34       TN6        71,72                C,O                  2            36.0     1.1761   0.1827   -0.0552 
35       TC4        73,74                C,C                  3            36.0     0.6386   0.0447   0.1199  
36       TN2a       75,76                C,O                  1            36.0     0.7256   -0.1346  0.2656  
37       TC3        78,79                C,C                  2            36.0     0.3740   -0.0955  0.1799  

Bead connections
--------------------------------------------------------------------------------
index    to_idx   bond    
0        1        1.0     
0        2        1.0     
1        2        1.0     
2        3        1.0     
2        19       1.0     
2        20       1.0     
3        4        1.0     
4        5        1.0     
4        16       1.0     
4        18       1.0     
5        6        1.0     
6        7        1.0     
6        8        1.0     
6        15       1.0     
8        9        1.0     
8        14       1.0     
9        10       1.0     
9        13       1.0     
10       11       1.0     
11       12       1.0     
12       13       1.0     
14       15       1.0     
16       17       1.0     
17       18       1.0     
19       20       1.0     
20       21       2.0     
20       22       1.0     
21       22       1.0     
22       23       1.0     
22       37       1.0     
23       24       1.0     
23       35       1.0     
23       37       1.0     
24       25       1.0     
24       35       1.0     
25       26       1.0     
25       29       1.0     
26       27       1.0     
27       28       1.0     
28       29       1.0     
29       30       1.0     
30       31       1.0     
30       34       1.0     
31       32       1.0     
32       33       1.0     
33       34       1.0     
35       36       1.0     