Compound: TPCN05519
SMILES:   C=C1CCC2(C(=O)OC3OC(COC4OC(CO)C(OC5OC(C)C(O)C(O)C5O)C(O)C4O)C(O)C(O)C3O)CCC7(C)C(=CCC8C9(C)CCC(OC6OCC(O)C(O)C6O)C(C)(C)C9CCC87C)C2C1

All beads
--------------------------------------------------------------------------------
index    bead_type  atoms_idx            atoms_elem           #conns       mass     x        y        z       
0        SC4        0,1,72               C,C,C                2            54.0     -0.0641  0.3977   0.2041  
1        TC3        2,3                  C,C                  2            36.0     0.1082   0.2988   0.0732  
2        TC5        4,71                 C,C                  5            36.0     -0.0460  0.1374   0.0937  
3        SN4a       5,6,7                C,O,O                2            54.0     0.0847   -0.0449  0.0108  
4        SN4a       8,9,10               C,O,C                4            54.0     0.3261   -0.1207  -0.0677 
5        TP1d       11,12                C,O                  2            36.0     0.5315   -0.0252  0.0897  
6        SN4a       13,14,15             C,O,C                4            54.0     0.7833   -0.1534  0.0718  
7        TP1d       16,17                C,O                  1            36.0     0.8926   -0.3901  0.0177  
8        TN6        18,19                C,O                  3            36.0     1.0490   -0.1194  0.0964  
9        TN4a       20,21                C,O                  3            36.0     1.2031   -0.1140  -0.0437 
10       TC4        22,23                C,C                  2            36.0     1.2718   -0.1058  -0.2690 
11       TN6        24,25                C,O                  2            36.0     1.4174   0.0355   -0.1358 
12       TN6        26,27                C,O                  2            36.0     1.4626   -0.1891  -0.0598 
13       TN6        28,29                C,O                  2            36.0     1.3699   -0.0671  0.1224  
14       TN6        30,31                C,O                  2            36.0     0.9339   -0.0869  0.2680  
15       TN6        32,33                C,O                  2            36.0     0.7856   0.0848   0.1895  
16       TN6        34,35                C,O                  2            36.0     0.4641   0.0578   -0.2132 
17       TN6        36,37                C,O                  2            36.0     0.3903   -0.0743  -0.3532 
18       TN6        38,39                C,O                  2            36.0     0.2989   -0.2334  -0.2607 
19       TC3        40,41                C,C                  2            36.0     -0.1219  0.1277   -0.1147 
20       SC4        42,43,44             C,C,C                4            54.0     -0.2669  -0.0013  0.0232  
21       TC3        45,46                C,C                  2            36.0     -0.3874  0.0390   0.2133  
22       SC4        47,69,70             C,C,C                4            54.0     -0.4483  0.1618   -0.0152 
23       SC4        48,49,66             C,C,C                4            54.0     -0.7126  0.1505   0.0313  
24       SC3        50,51,52             C,C,C                3            54.0     -0.8557  -0.0044  0.1397  
25       TN6        53,54                O,C                  3            36.0     -1.1035  -0.0581  0.0337  
26       TN4a       55,56                O,C                  2            36.0     -1.2639  0.0733   0.0752  
27       TN6        57,58                C,O                  2            36.0     -1.4826  0.0332   0.0674  
28       TN6        59,60                C,O                  2            36.0     -1.4469  -0.1763  0.0032  
29       TN6        61,62                C,O                  2            36.0     -1.2415  -0.2325  0.0065  
30       SC4        63,64,65             C,C,C                2            54.0     -0.7957  -0.1300  -0.0922 
31       TC3        67,68                C,C                  2            36.0     -0.5726  0.0644   -0.1714 

Bead connections
--------------------------------------------------------------------------------
index    to_idx   bond    
0        1        1.0     
0        2        1.0     
1        2        1.0     
2        3        1.0     
2        19       1.0     
2        20       1.0     
3        4        1.0     
4        5        1.0     
4        16       1.0     
4        18       1.0     
5        6        1.0     
6        7        1.0     
6        8        1.0     
6        15       1.0     
8        9        1.0     
8        14       1.0     
9        10       1.0     
9        13       1.0     
10       11       1.0     
11       12       1.0     
12       13       1.0     
14       15       1.0     
16       17       1.0     
17       18       1.0     
19       20       1.0     
20       21       2.0     
20       22       1.0     
21       22       1.0     
22       23       1.0     
22       31       1.0     
23       24       1.0     
23       30       1.0     
23       31       1.0     
24       25       1.0     
24       30       1.0     
25       26       1.0     
25       29       1.0     
26       27       1.0     
27       28       1.0     
28       29       1.0     