Compound: TPCN05650
SMILES:   C=C1CCC2(C(=O)OC3OC(COC4OC(CO)C(O)C(O)C4O)C(O)C(O)C3O)CCC8(C)C(=CCC9C5(C)CCC(OC6OCC(O)C(OC7OCC(O)C(O)C7O)C6OC%10OCC(O)C(O)C%10O)C(C)(C)C5CCC98C)C2C1

All beads
--------------------------------------------------------------------------------
index    bead_type  atoms_idx            atoms_elem           #conns       mass     x        y        z       
0        SC4        0,1,80               C,C,C                2            54.0     0.5403   -0.1310  0.1822  
1        TC3        2,3                  C,C                  2            36.0     0.5407   -0.1488  -0.0560 
2        TC5        4,79                 C,C                  5            36.0     0.4390   0.0436   -0.0116 
3        SN4a       5,6,7                C,O,O                2            54.0     0.6425   0.1312   -0.0942 
4        SN4a       8,9,10               C,O,C                4            54.0     0.8518   0.1481   0.0475  
5        TN2a       11,12                C,O                  2            36.0     1.0421   -0.0487  0.0729  
6        SN4a       13,14,15             C,O,C                4            54.0     1.2278   0.0685   -0.0789 
7        TN2a       16,17                C,O                  1            36.0     1.4935   0.1617   -0.1680 
8        TN6        18,19                C,O                  2            36.0     1.4622   -0.0371  0.0037  
9        TN6        20,21                C,O                  2            36.0     1.3867   -0.1722  -0.1352 
10       TN6        22,23                C,O                  2            36.0     1.2074   -0.1153  -0.2161 
11       TN6        24,25                C,O                  2            36.0     1.0078   0.1246   0.2608  
12       TN6        26,27                C,O                  2            36.0     0.9815   0.3210   0.1922  
13       TN6        28,29                C,O                  2            36.0     0.7921   0.3929   0.1375  
14       TC3        30,31                C,C                  2            36.0     0.3111   0.1295   -0.1665 
15       SC4        32,33,34             C,C,C                4            54.0     0.1773   0.1043   0.0307  
16       TC3        35,36                C,C                  2            36.0     0.1391   -0.0987  0.1406  
17       SC4        37,77,78             C,C,C                4            54.0     0.0433   -0.0622  -0.0940 
18       SC4        38,39,74             C,C,C                4            54.0     -0.1990  -0.1001  0.0851  
19       TC3        40,41                C,C                  2            36.0     -0.3118  -0.1480  -0.1046 
20       TN6        42,43                C,O                  3            36.0     -0.5276  -0.0603  -0.0105 
21       SN4a       44,45,46             C,O,C                3            54.0     -0.7043  -0.1702  -0.1920 
22       TN6        47,48                C,O                  2            36.0     -0.8807  -0.3679  -0.2249 
23       TN6        49,50                C,O                  3            36.0     -0.9651  -0.2288  -0.0975 
24       SN4a       51,52,53             C,O,C                3            54.0     -1.1854  -0.1039  -0.0305 
25       TN6        54,55                C,O                  2            36.0     -1.4198  -0.0721  -0.1488 
26       TN6        56,57                C,O                  2            36.0     -1.4418  -0.2664  -0.0693 
27       TN6        58,59                C,O                  2            36.0     -1.2492  -0.2930  -0.1601 
28       TN6        60,61                C,O                  3            36.0     -0.8435  -0.0769  -0.0309 
29       SN4a       62,63,64             C,O,C                3            54.0     -0.9249  0.0934   0.1589  
30       TN6        65,66                C,O                  2            36.0     -0.9311  0.3281   0.2873  
31       TN6        67,68                C,O                  2            36.0     -0.9921  0.3376   0.0861  
32       TN6        69,70                C,O                  2            36.0     -0.8940  0.2268   -0.0629 
33       SC4        71,72,73             C,C,C                2            54.0     -0.4185  0.0710   0.1294  
34       TC3        75,76                C,C                  2            36.0     -0.1279  0.1102   -0.0943 

Bead connections
--------------------------------------------------------------------------------
index    to_idx   bond    
0        1        1.0     
0        2        1.0     
1        2        1.0     
2        3        1.0     
2        14       1.0     
2        15       1.0     
3        4        1.0     
4        5        1.0     
4        11       1.0     
4        13       1.0     
5        6        1.0     
6        7        1.0     
6        8        1.0     
6        10       1.0     
8        9        1.0     
9        10       1.0     
11       12       1.0     
12       13       1.0     
14       15       1.0     
15       16       2.0     
15       17       1.0     
16       17       1.0     
17       18       1.0     
17       34       1.0     
18       19       1.0     
18       33       1.0     
18       34       1.0     
19       20       1.0     
20       21       1.0     
20       33       1.0     
21       22       1.0     
21       28       1.0     
22       23       1.0     
23       24       1.0     
23       28       1.0     
24       25       1.0     
24       27       1.0     
25       26       1.0     
26       27       1.0     
28       29       1.0     
29       30       1.0     
29       32       1.0     
30       31       1.0     
31       32       1.0     