Compound: TPCN06126
SMILES:   CC1CCC2(C(=O)OC3OC(COC4OC(CO)C(O)C(O)C4O)C(O)C(O)C3O)CCC8(C)C(=CCC9C5(C)CCC(OC6OC(CO)C(OC7OC(C)C(O)C(O)C7O)C(O)C6O)C(C)(CO)C5CCC98C)C2C1C

All beads
--------------------------------------------------------------------------------
index    bead_type  atoms_idx            atoms_elem           #conns       mass     x        y        z       
0        TC4        0,1                  C,C                  2            36.0     -0.5536  0.3721   -0.1975 
1        TC3        2,3                  C,C                  2            36.0     -0.5577  0.3811   0.0555  
2        TC5        4,74                 C,C                  5            36.0     -0.3675  0.2748   0.0656  
3        SN4a       5,6,7                C,O,O                2            54.0     -0.4651  0.0630   0.1069  
4        SN4a       8,9,10               C,O,C                4            54.0     -0.7539  -0.0260  0.0718  
5        TN2a       11,12                C,O                  2            36.0     -1.0047  -0.0760  0.0330  
6        SN4a       13,14,15             C,O,C                4            54.0     -1.0890  -0.3232  0.0171  
7        TN2a       16,17                C,O                  1            36.0     -1.0672  -0.5740  0.1806  
8        TN6        18,19                C,O                  2            36.0     -1.2406  -0.3312  0.2156  
9        TN6        20,21                C,O                  2            36.0     -1.3485  -0.3490  0.0014  
10       TN6        22,23                C,O                  2            36.0     -1.2808  -0.1621  -0.0719 
11       TN6        24,25                C,O                  2            36.0     -0.8281  -0.0399  -0.1868 
12       TN6        26,27                C,O                  2            36.0     -0.6928  -0.2018  -0.1719 
13       TN6        28,29                C,O                  2            36.0     -0.5483  -0.1628  -0.0291 
14       TC3        30,31                C,C                  2            36.0     -0.2721  0.2568   0.2686  
15       SC4        32,33,34             C,C,C                4            54.0     -0.1320  0.3381   0.1212  
16       TC3        35,36                C,C                  2            36.0     -0.0443  0.1361   -0.0356 
17       SC4        37,72,73             C,C,C                4            54.0     0.0714   0.2131   0.2101  
18       SC4        38,39,69             C,C,C                4            54.0     0.2797   0.0911   0.1526  
19       TC3        40,41                C,C                  2            36.0     0.2732   -0.0645  -0.0308 
20       TN6        42,43                C,O                  3            36.0     0.4753   -0.0097  -0.0807 
21       SN4a       44,45,46             C,O,C                4            54.0     0.7601   -0.0206  -0.0716 
22       TN2a       47,48                C,O                  1            36.0     0.9514   0.1509   -0.0156 
23       TN6        49,50                C,O                  3            36.0     0.9687   -0.1718  -0.0232 
24       TN4a       51,52                C,O                  3            36.0     1.1716   -0.1937  -0.0482 
25       TC4        53,54                C,C                  2            36.0     1.3224   -0.2473  -0.1915 
26       TN6        55,56                C,O                  2            36.0     1.4817   -0.2761  -0.0457 
27       TN6        57,58                C,O                  2            36.0     1.3449   -0.4041  0.0483  
28       TN6        59,60                C,O                  2            36.0     1.2186   -0.2320  0.1617  
29       TN6        61,62                C,O                  2            36.0     0.7836   -0.2621  0.0027  
30       TN6        63,64                C,O                  2            36.0     0.6262   -0.2422  -0.1405 
31       TC4        65,66                C,C                  3            36.0     0.4728   0.2060   -0.0730 
32       TN2a       67,68                C,O                  1            36.0     0.3637   0.2560   -0.2468 
33       TC3        70,71                C,C                  2            36.0     0.2221   0.3402   0.1097  
34       TC4        75,76                C,C                  2            36.0     -0.3888  0.2101   -0.1679 

Bead connections
--------------------------------------------------------------------------------
index    to_idx   bond    
0        1        1.0     
0        34       1.0     
1        2        1.0     
2        3        1.0     
2        14       1.0     
2        15       1.0     
2        34       1.0     
3        4        1.0     
4        5        1.0     
4        11       1.0     
4        13       1.0     
5        6        1.0     
6        7        1.0     
6        8        1.0     
6        10       1.0     
8        9        1.0     
9        10       1.0     
11       12       1.0     
12       13       1.0     
14       15       1.0     
15       16       2.0     
15       17       1.0     
16       17       1.0     
17       18       1.0     
17       33       1.0     
18       19       1.0     
18       31       1.0     
18       33       1.0     
19       20       1.0     
20       21       1.0     
20       31       1.0     
21       22       1.0     
21       23       1.0     
21       30       1.0     
23       24       1.0     
23       29       1.0     
24       25       1.0     
24       28       1.0     
25       26       1.0     
26       27       1.0     
27       28       1.0     
29       30       1.0     
31       32       1.0     