Compound: TPCN05518
SMILES:   CC1CCC2(C(=O)OC3OC(COC4OC(CO)C(O)C(O)C4O)C(O)C(O)C3O)CCC8(C)C(=CCC9C5(C)CCC(OC6OCC(O)C(OC7OC(CO)C(O)C(O)C7O)C6OC%10OC(C)C(O)C(O)C%10O)C(C)(C)C5CCC98C)C2C1C

All beads
--------------------------------------------------------------------------------
index    bead_type  atoms_idx            atoms_elem           #conns       mass     x        y        z       
0        TC4        0,1                  C,C                  2            36.0     0.6146   -0.1777  -0.3046 
1        TC3        2,3                  C,C                  2            36.0     0.5984   -0.3678  -0.1346 
2        TC5        4,82                 C,C                  5            36.0     0.4115   -0.2829  -0.0581 
3        SN4a       5,6,7                C,O,O                2            54.0     0.5710   -0.2043  0.1143  
4        SN4a       8,9,10               C,O,C                4            54.0     0.8023   0.0176   0.0638  
5        TP1d       11,12                C,O                  2            36.0     1.0181   0.1748   -0.0811 
6        SN4a       13,14,15             C,O,C                4            54.0     1.1863   0.3572   0.0114  
7        TP1d       16,17                C,O                  1            36.0     1.2850   0.6002   -0.0288 
8        TN6        18,19                C,O                  2            36.0     1.4027   0.4349   0.1505  
9        TN6        20,21                C,O                  2            36.0     1.4768   0.2659   0.0453  
10       TN6        22,23                C,O                  2            36.0     1.3293   0.1745   -0.0933 
11       TN6        24,25                C,O                  2            36.0     0.9579   -0.0887  -0.0712 
12       TN6        26,27                C,O                  2            36.0     0.9996   -0.2069  0.1288  
13       TN6        28,29                C,O                  2            36.0     0.8563   -0.1088  0.2465  
14       TC3        30,31                C,C                  2            36.0     0.3123   -0.3697  0.1199  
15       SC4        32,33,34             C,C,C                4            54.0     0.2167   -0.1640  0.0588  
16       TC3        35,36                C,C                  2            36.0     0.0643   -0.1470  -0.1361 
17       SC4        37,80,81             C,C,C                4            54.0     -0.0100  -0.1846  0.1333  
18       SC4        38,39,77             C,C,C                4            54.0     -0.2477  -0.1296  -0.0098 
19       TC3        40,41                C,C                  2            36.0     -0.3493  -0.0535  0.1677  
20       TN6        42,43                C,O                  3            36.0     -0.5139  -0.1201  0.0121  
21       SN4a       44,45,46             C,O,C                3            54.0     -0.6895  -0.1107  -0.2172 
22       TN6        47,48                C,O                  2            36.0     -0.8589  0.0662   -0.3247 
23       TN6        49,50                C,O                  3            36.0     -0.7795  0.1771   -0.1656 
24       SN4a       51,52,53             C,O,C                4            54.0     -0.8281  0.4234   -0.1013 
25       TP1d       54,55                C,O                  1            36.0     -0.9368  0.6407   0.0071  
26       TN6        56,57                C,O                  2            36.0     -1.0747  0.5038   -0.1741 
27       TN6        58,59                C,O                  2            36.0     -0.9708  0.5048   -0.3590 
28       TN6        60,61                C,O                  2            36.0     -0.7584  0.4469   -0.3473 
29       TN6        62,63                C,O                  3            36.0     -0.8072  0.0034   -0.0520 
30       TN4a       64,65                C,O                  3            36.0     -0.9074  -0.0595  0.1292  
31       TC4        66,67                C,C                  2            36.0     -0.9118  -0.1720  0.3366  
32       TN6        68,69                C,O                  2            36.0     -1.1209  -0.1358  0.2970  
33       TN6        70,71                C,O                  2            36.0     -1.1099  0.1039   0.2707  
34       TN6        72,73                C,O                  2            36.0     -1.1015  0.0063   0.0499  
35       SC4        74,75,76             C,C,C                2            54.0     -0.4521  -0.3385  0.0738  
36       TC3        78,79                C,C                  2            36.0     -0.1042  -0.3697  0.0588  
37       TC4        83,84                C,C                  2            36.0     0.4116   -0.1017  -0.2442 

Bead connections
--------------------------------------------------------------------------------
index    to_idx   bond    
0        1        1.0     
0        37       1.0     
1        2        1.0     
2        3        1.0     
2        14       1.0     
2        15       1.0     
2        37       1.0     
3        4        1.0     
4        5        1.0     
4        11       1.0     
4        13       1.0     
5        6        1.0     
6        7        1.0     
6        8        1.0     
6        10       1.0     
8        9        1.0     
9        10       1.0     
11       12       1.0     
12       13       1.0     
14       15       1.0     
15       16       2.0     
15       17       1.0     
16       17       1.0     
17       18       1.0     
17       36       1.0     
18       19       1.0     
18       35       1.0     
18       36       1.0     
19       20       1.0     
20       21       1.0     
20       35       1.0     
21       22       1.0     
21       29       1.0     
22       23       1.0     
23       24       1.0     
23       29       1.0     
24       25       1.0     
24       26       1.0     
24       28       1.0     
26       27       1.0     
27       28       1.0     
29       30       1.0     
30       31       1.0     
30       34       1.0     
31       32       1.0     
32       33       1.0     
33       34       1.0     