Compound: TPCN05231
SMILES:   CC1(CO)CCC23COC4(CCC5C6(C)CCC(OC7OCC(OC8OC(CO)C(O)C(OC9OC(CO)C(O)C(O)C9O)C8OC%11OCC(O)C(O)C%11O)C(O)C7OC%10OC(CO)C(O)C(O)C%10O)C(C)(C)C6CCC5(C)C4(C)CC2O)C3C1

All beads
--------------------------------------------------------------------------------
index    bead_type  atoms_idx            atoms_elem           #conns       mass     x        y        z       
0        SC4        0,1,84               C,C,C                3            54.0     1.0687   -0.0696  -0.2616 
1        TN2a       2,3                  C,O                  1            36.0     0.9448   0.1091   -0.2722 
2        TC3        4,5                  C,C                  2            36.0     1.2076   0.0157   -0.0857 
3        SC4        6,9,83               C,C,C                6            54.0     0.9948   -0.1230  0.0364  
4        TN4a       7,8                  C,O                  1            36.0     1.0964   -0.2391  0.0985  
5        TC3        10,11                C,C                  2            36.0     0.7630   -0.2876  -0.0208 
6        SC4        12,76,77             C,C,C                4            54.0     0.6473   -0.1667  0.2094  
7        SC4        13,14,73             C,C,C                4            54.0     0.4288   -0.1511  0.0949  
8        TC3        15,16                C,C                  2            36.0     0.3249   -0.2605  -0.0644 
9        TN6        17,18                C,O                  3            36.0     0.1447   -0.0895  -0.0753 
10       SN4a       19,20,21             C,O,C                3            54.0     -0.1153  -0.1322  -0.0128 
11       TN6        22,23                C,O                  3            36.0     -0.3627  -0.0464  0.0485  
12       SN4a       24,25,26             C,O,C                4            54.0     -0.4795  0.1265   0.1997  
13       TN2a       27,28                C,O                  1            36.0     -0.4261  0.3868   0.2322  
14       TN6        29,30                C,O                  2            36.0     -0.6695  0.2746   0.2116  
15       TN6        31,32                C,O                  3            36.0     -0.7856  0.1030   0.2388  
16       SN4a       33,34,35             C,O,C                4            54.0     -0.9663  0.1482   0.4281  
17       TN2a       36,37                C,O                  1            36.0     -1.0439  0.2577   0.6972  
18       TN6        38,39                C,O                  2            36.0     -1.1747  0.2989   0.4687  
19       TN6        40,41                C,O                  2            36.0     -1.1511  0.2482   0.2660  
20       TN6        42,43                C,O                  2            36.0     -1.1173  0.0127   0.3029  
21       TN6        44,45                C,O                  3            36.0     -0.6657  0.0278   0.0818  
22       SN4a       46,47,48             C,O,C                3            54.0     -0.7881  -0.1289  -0.1006 
23       TN6        49,50                C,O                  2            36.0     -0.9505  -0.1495  -0.3040 
24       TN6        51,52                C,O                  2            36.0     -0.8933  0.0484   -0.3244 
25       TN6        53,54                C,O                  2            36.0     -0.8590  0.1265   -0.1279 
26       TN6        55,56                C,O                  2            36.0     -0.2403  0.1310   -0.0209 
27       TN6        57,58                C,O                  3            36.0     -0.1410  -0.0055  -0.1926 
28       SN4a       59,60,61             C,O,C                4            54.0     -0.3005  0.0633   -0.4063 
29       TN2a       62,63                C,O                  1            36.0     -0.5320  0.1884   -0.4140 
30       TN6        64,65                C,O                  2            36.0     -0.3996  0.0024   -0.6427 
31       TN6        66,67                C,O                  2            36.0     -0.2084  -0.1004  -0.6458 
32       TN6        68,69                C,O                  2            36.0     -0.0891  0.0208   -0.5219 
33       SC4        70,71,72             C,C,C                2            54.0     0.2971   0.0624   -0.0576 
34       TC3        74,75                C,C                  2            36.0     0.5983   0.0336   0.1287  
35       SC4        78,79,80             C,C,C                3            54.0     0.8865   -0.1807  0.2605  
36       TN6        81,82                C,O                  2            36.0     1.0075   0.0807   0.1699  

Bead connections
--------------------------------------------------------------------------------
index    to_idx   bond    
0        1        1.0     
0        2        1.0     
0        3        1.0     
2        3        1.0     
3        4        1.0     
3        5        1.0     
3        35       1.0     
3        36       1.0     
5        6        1.0     
6        7        1.0     
6        34       1.0     
6        35       1.0     
7        8        1.0     
7        33       1.0     
7        34       1.0     
8        9        1.0     
9        10       1.0     
9        33       1.0     
10       11       1.0     
10       27       1.0     
11       12       1.0     
11       26       1.0     
12       13       1.0     
12       14       1.0     
12       21       1.0     
14       15       1.0     
15       16       1.0     
15       21       1.0     
16       17       1.0     
16       18       1.0     
16       20       1.0     
18       19       1.0     
19       20       1.0     
21       22       1.0     
22       23       1.0     
22       25       1.0     
23       24       1.0     
24       25       1.0     
26       27       1.0     
27       28       1.0     
28       29       1.0     
28       30       1.0     
28       32       1.0     
30       31       1.0     
31       32       1.0     
35       36       1.0     