Compound: TPCN05664
SMILES:   CCOC(=O)C1OC(OC2CCC3(C)C(CCC4(C)C3CC=C9C5CC(C)(C)CC(O)C5(CO)C(OC(=O)C=Cc%10ccc(OC)cc%10)CC94C)C2(C)C=O)C(OC6OC(CO)C(O)C(O)C6O)C(OC7OCC(O)C(O)C7OC8OCC(O)C(O)C8O)C1O

All beads
--------------------------------------------------------------------------------
index    bead_type  atoms_idx            atoms_elem           #conns       mass     x        y        z       
0        SN6        0,1,2                C,C,O                1            54.0     -0.4005  -0.4490  -0.5205 
1        TN4a       3,4                  C,O                  2            36.0     -0.4609  -0.2443  -0.4259 
2        TN4a       5,6                  C,O                  3            36.0     -0.4269  -0.1839  -0.2278 
3        TN6        7,8                  C,O                  3            36.0     -0.3233  -0.1423  -0.0552 
4        SC3        9,10,11              C,C,C                3            54.0     -0.0611  -0.1191  -0.1348 
5        SC4        12,13,14             C,C,C                4            54.0     0.1305   -0.2457  -0.1045 
6        TC3        15,16                C,C                  2            36.0     0.2238   -0.1002  0.1203  
7        SC4        17,18,19             C,C,C                4            54.0     0.3238   -0.0311  -0.0636 
8        TC3        20,21                C,C                  2            36.0     0.4228   -0.0738  -0.2701 
9        SC4        22,49,50             C,C,C                4            54.0     0.5527   -0.0853  -0.0664 
10       SC5        23,24,31             C,C,C                5            54.0     0.7328   0.1094   -0.1852 
11       SC4        25,26,27             C,C,C                2            54.0     0.8702   0.2192   -0.4042 
12       SN6        28,29,30             C,C,O                2            54.0     0.8758   0.2978   -0.1173 
13       TP1d       32,33                C,O                  1            36.0     0.9222   0.0323   -0.0600 
14       TC3        34,48                C,C                  3            36.0     0.6237   0.0957   0.0757  
15       P2         35,36,37,38,39       O,C,O,C,C            2            72.0     0.7326   0.2579   0.3267  
16       TC5        40,41                c,c                  3            36.0     1.0396   0.2212   0.4585  
17       TC5        42,43                c,c                  3            36.0     1.1871   0.0695   0.4524  
18       TP1d       44,45                O,C                  1            36.0     1.2742   -0.1460  0.3753  
19       TC5        46,47                c,c                  2            36.0     0.9981   0.0365   0.3669  
20       TC4        51,52                C,C                  3            36.0     -0.0760  -0.2533  0.1138  
21       TN4a       53,54                C,O                  1            36.0     -0.0605  -0.4408  0.0056  
22       TN6        55,56                C,O                  3            36.0     -0.5058  -0.0440  0.0421  
23       SN4a       57,58,59             C,O,C                4            54.0     -0.6332  0.0038   0.2862  
24       TP1d       60,61                C,O                  1            36.0     -0.7640  -0.1624  0.4669  
25       TN6        62,63                C,O                  2            36.0     -0.6183  0.0507   0.5527  
26       TN6        64,65                C,O                  2            36.0     -0.4357  -0.0146  0.4707  
27       TN6        66,67                C,O                  2            36.0     -0.4328  0.1379   0.2847  
28       TN6        68,69                C,O                  3            36.0     -0.6834  -0.1177  -0.0497 
29       SN4a       70,71,72             C,O,C                3            54.0     -0.9604  -0.1765  -0.0771 
30       TN6        73,74                C,O                  2            36.0     -1.1011  -0.0951  -0.2312 
31       TN6        75,76                C,O                  2            36.0     -1.1086  0.0799   -0.0692 
32       TN6        77,78                C,O                  3            36.0     -0.8870  0.0761   -0.0315 
33       SN4a       79,80,81             C,O,C                3            54.0     -0.9092  0.3178   -0.0652 
34       TN6        82,83                C,O                  2            36.0     -0.7715  0.5344   -0.1346 
35       TN6        84,85                C,O                  2            36.0     -0.6995  0.4958   0.0669  
36       TN6        86,87                C,O                  2            36.0     -0.7768  0.3227   0.1662  
37       TN6        88,89                C,O                  2            36.0     -0.6354  -0.2875  -0.1661 

Bead connections
--------------------------------------------------------------------------------
index    to_idx   bond    
0        1        1.0     
1        2        1.0     
2        3        1.0     
2        37       1.0     
3        4        1.0     
3        22       1.0     
4        5        1.0     
4        20       1.0     
5        6        1.0     
5        7        1.0     
5        20       1.0     
6        7        1.0     
7        8        1.0     
7        9        1.0     
8        9        2.0     
9        10       1.0     
9        14       1.0     
10       11       1.0     
10       12       1.0     
10       13       1.0     
10       14       1.0     
11       12       1.0     
14       15       1.0     
15       16       1.0     
16       17       1.5     
16       19       1.5     
17       18       1.0     
17       19       1.5     
20       21       1.0     
22       23       1.0     
22       28       1.0     
23       24       1.0     
23       25       1.0     
23       27       1.0     
25       26       1.0     
26       27       1.0     
28       29       1.0     
28       37       1.0     
29       30       1.0     
29       32       1.0     
30       31       1.0     
31       32       1.0     
32       33       1.0     
33       34       1.0     
33       36       1.0     
34       35       1.0     
35       36       1.0     