Compound: TPCN05341
SMILES:   COC(OC)C1(C)CCC23COC4(CCC5C6(C)CCC(OC7OCC(OC8OC(CO)C(O)C(O)C8OC%10OC(C)C(O)C(O)C%10O)C(O)C7OC9OC(CO)C(O)C(O)C9O)C(C)(C)C6CCC5(C)C4(C)CC2O)C3C1

All beads
--------------------------------------------------------------------------------
index    bead_type  atoms_idx            atoms_elem           #conns       mass     x        y        z       
0        SN3r       0,1,2                C,O,C                2            54.0     1.1939   0.0667   -0.0468 
1        TN2a       3,4                  O,C                  1            36.0     1.1453   0.0995   -0.2781 
2        SC4        5,6,77               C,C,C                3            54.0     0.9860   0.2010   0.0183  
3        TC3        7,8                  C,C                  2            36.0     0.9284   0.3532   -0.1623 
4        SC4        9,12,76              C,C,C                6            54.0     0.7063   0.2112   -0.0855 
5        TN4a       10,11                C,O                  1            36.0     0.5802   0.3112   -0.1180 
6        TC3        13,14                C,C                  2            36.0     0.4992   0.1394   0.1261  
7        SC4        15,69,70             C,C,C                4            54.0     0.3696   -0.0026  -0.0851 
8        SC4        16,17,66             C,C,C                4            54.0     0.1716   0.0156   0.1079  
9        TC3        18,19                C,C                  2            36.0     0.0188   0.0293   -0.0529 
10       TN6        20,21                C,O                  3            36.0     -0.1340  -0.1309  0.0664  
11       SN4a       22,23,24             C,O,C                3            54.0     -0.3303  -0.1233  0.2392  
12       TN6        25,26                C,O                  3            36.0     -0.5541  -0.0495  0.2410  
13       SN4a       27,28,29             C,O,C                4            54.0     -0.8060  0.0034   0.1655  
14       TN2a       30,31                C,O                  1            36.0     -1.0283  -0.1388  0.1689  
15       TN6        32,33                C,O                  2            36.0     -0.9772  0.1019   0.2715  
16       TN6        34,35                C,O                  2            36.0     -0.8771  0.2821   0.2556  
17       TN6        36,37                C,O                  3            36.0     -0.7036  0.2006   0.1163  
18       TN4a       38,39                C,O                  3            36.0     -0.5165  0.2182   -0.0143 
19       TC4        40,41                C,C                  2            36.0     -0.4423  0.2445   -0.2292 
20       TN6        42,43                C,O                  2            36.0     -0.6355  0.3266   -0.2897 
21       TN6        44,45                C,O                  2            36.0     -0.5956  0.4873   -0.1663 
22       TN6        46,47                C,O                  2            36.0     -0.5828  0.4438   0.0522  
23       TN6        48,49                C,O                  2            36.0     -0.5215  -0.2877  0.2189  
24       TN6        50,51                C,O                  3            36.0     -0.4059  -0.2753  0.0463  
25       SN4a       52,53,54             C,O,C                4            54.0     -0.5654  -0.4788  -0.0400 
26       TN2a       55,56                C,O                  1            36.0     -0.8075  -0.4584  0.0233  
27       TN6        57,58                C,O                  2            36.0     -0.6719  -0.6172  -0.2441 
28       TN6        59,60                C,O                  2            36.0     -0.4631  -0.6544  -0.2115 
29       TN6        61,62                C,O                  2            36.0     -0.3373  -0.5015  -0.1504 
30       SC4        63,64,65             C,C,C                2            54.0     0.0376   -0.2207  0.1754  
31       TC3        67,68                C,C                  2            36.0     0.3693   -0.1613  0.0820  
32       SC4        71,72,73             C,C,C                3            54.0     0.6105   0.0066   -0.1571 
33       TN6        74,75                C,O                  2            36.0     0.7077   0.1895   -0.3555 

Bead connections
--------------------------------------------------------------------------------
index    to_idx   bond    
0        1        1.0     
0        2        1.0     
2        3        1.0     
2        4        1.0     
3        4        1.0     
4        5        1.0     
4        6        1.0     
4        32       1.0     
4        33       1.0     
6        7        1.0     
7        8        1.0     
7        31       1.0     
7        32       1.0     
8        9        1.0     
8        30       1.0     
8        31       1.0     
9        10       1.0     
10       11       1.0     
10       30       1.0     
11       12       1.0     
11       24       1.0     
12       13       1.0     
12       23       1.0     
13       14       1.0     
13       15       1.0     
13       17       1.0     
15       16       1.0     
16       17       1.0     
17       18       1.0     
18       19       1.0     
18       22       1.0     
19       20       1.0     
20       21       1.0     
21       22       1.0     
23       24       1.0     
24       25       1.0     
25       26       1.0     
25       27       1.0     
25       29       1.0     
27       28       1.0     
28       29       1.0     
32       33       1.0     