Compound: TPCN05740
SMILES:   CC1OC(OC2CCC3(C)C(CCC4(C)C3C=CC95OCC6(CCC(C)(CO)CC69)C(O)CC45C)C2(C)CO)C(OC7OC(CO)C(O)C(O)C7O)C(OC8OC(CO)C(O)C(O)C8O)C1O

All beads
--------------------------------------------------------------------------------
index    bead_type  atoms_idx            atoms_elem           #conns       mass     x        y        z       
0        TC4        0,1                  C,C                  2            36.0     -0.2461  -0.1952  -0.3099 
1        TN4a       2,3                  O,C                  3            36.0     -0.2282  -0.2336  -0.0772 
2        TN6        4,5                  O,C                  3            36.0     -0.1154  -0.0939  0.0618  
3        TC3        6,7                  C,C                  2            36.0     0.1191   -0.1728  0.1044  
4        SC4        8,9,10               C,C,C                4            54.0     0.2047   0.0362   0.1787  
5        TC3        11,12                C,C                  2            36.0     0.1593   0.1363   -0.0874 
6        SC4        13,14,15             C,C,C                4            54.0     0.3273   -0.0020  -0.0744 
7        TC5        16,17                C,C                  2            36.0     0.4568   0.2062   0.0617  
8        SC4        18,33,34             C,C,C                5            54.0     0.5038   0.1415   -0.1886 
9        TN2a       19                   O                    2            36.0     0.6458   0.2701   -0.1574 
10       SC3        20,21,29             C,C,C                5            54.0     0.7485   0.1243   -0.1214 
11       TC3        22,23                C,C                  2            36.0     0.9602   0.0629   -0.0575 
12       SC4        24,25,28             C,C,C                3            54.0     0.8547   0.0607   0.1369  
13       TN2a       26,27                C,O                  1            36.0     1.0343   0.1498   0.2602  
14       SN6        30,31,32             C,O,C                2            54.0     0.6808   -0.0710  -0.2450 
15       TC4        35,36                C,C                  3            36.0     -0.0277  0.0443   0.2453  
16       TN2a       37,38                C,O                  1            36.0     -0.2050  0.1313   0.1603  
17       TC3        39,52                C,C                  4            36.0     -0.4220  -0.1417  -0.0351 
18       TN6        40,41                O,C                  3            36.0     -0.4952  -0.3060  0.0953  
19       TN4a       42,43                O,C                  3            36.0     -0.7023  -0.2285  0.1660  
20       TN2a       44,45                C,O                  1            36.0     -0.9132  -0.2151  0.1366  
21       TN6        46,47                C,O                  2            36.0     -0.8119  -0.3324  0.3602  
22       TN6        48,49                C,O                  2            36.0     -0.7560  -0.4841  0.2168  
23       TN6        50,51                C,O                  2            36.0     -0.5596  -0.4973  0.1458  
24       TN6        53,54                O,C                  3            36.0     -0.4770  0.0777   -0.0997 
25       TN4a       55,56                O,C                  3            36.0     -0.5280  0.2795   -0.2006 
26       TN2a       57,58                C,O                  1            36.0     -0.4793  0.4100   -0.3601 
27       TN6        59,60                C,O                  2            36.0     -0.6291  0.4174   -0.0690 
28       TN6        61,62                C,O                  2            36.0     -0.7762  0.2272   -0.0659 
29       TN6        63,64                C,O                  2            36.0     -0.5764  0.1784   0.0603  
30       TN6        65,66                C,O                  2            36.0     -0.4507  -0.2181  -0.2406 

Bead connections
--------------------------------------------------------------------------------
index    to_idx   bond    
0        1        1.0     
0        30       1.0     
1        2        1.0     
1        17       1.0     
2        3        1.0     
2        15       1.0     
3        4        1.0     
4        5        1.0     
4        6        1.0     
4        15       1.0     
5        6        1.0     
6        7        1.0     
6        8        1.0     
7        8        1.0     
8        9        1.0     
8        10       1.0     
8        14       1.0     
9        10       1.0     
10       11       1.0     
10       12       1.0     
10       14       1.0     
11       12       1.0     
12       13       1.0     
15       16       1.0     
17       18       1.0     
17       24       1.0     
17       30       1.0     
18       19       1.0     
18       23       1.0     
19       20       1.0     
19       21       1.0     
21       22       1.0     
22       23       1.0     
24       25       1.0     
24       29       1.0     
25       26       1.0     
25       27       1.0     
27       28       1.0     
28       29       1.0     