Compound: TPCN06245
SMILES:   CC1OC(OC2C(OC3C(OC4CCC5(C)C(CCC6(C)C5CC=C%10C7CC(C)(COC8OC(COC9OCC(O)(CO)C9O)C(O)C(O)C8O)CC(O)C7(C)CCC%106C)C4(C)CO)OC(C(=O)O)C(O)C3O)OC(CO)C(O)C2O)C(O)C(O)C1O

All beads
--------------------------------------------------------------------------------
index    bead_type  atoms_idx            atoms_elem           #conns       mass     x        y        z       
0        TC4        0,1                  C,C                  2            36.0     -1.1833  0.3072   0.1344  
1        TN4a       2,3                  O,C                  3            36.0     -1.0404  0.1319   0.0724  
2        TN6        4,5                  O,C                  3            36.0     -0.9773  -0.0502  -0.0472 
3        TN6        6,7                  C,O                  3            36.0     -0.8621  -0.2182  -0.0815 
4        SN6        8,71,72              C,C,O                3            54.0     -0.6193  -0.3712  -0.0203 
5        TN6        9,10                 C,O                  3            36.0     -0.5290  -0.1722  -0.0312 
6        SC3        11,12,13             C,C,C                3            54.0     -0.2689  -0.0506  0.0163  
7        SC4        14,15,16             C,C,C                4            54.0     -0.1841  0.0999   -0.1269 
8        TC3        17,18                C,C                  2            36.0     -0.0124  -0.1170  -0.1870 
9        SC4        19,20,21             C,C,C                4            54.0     0.0703   0.0831   -0.2222 
10       TC3        22,23                C,C                  2            36.0     0.1234   0.1771   0.0383  
11       SC4        24,58,59             C,C,C                4            54.0     0.2811   0.1166   -0.1211 
12       SC4        25,54,55             C,C,C                4            54.0     0.4950   -0.0176  -0.0022 
13       SC4        26,27,28             C,C,C                3            54.0     0.5159   0.0752   0.2657  
14       TP1d       29,30                C,O                  2            36.0     0.7292   0.1518   0.2121  
15       SN4a       31,32,33             C,O,C                4            54.0     0.9838   0.2281   0.1064  
16       TP1d       34,35                C,O                  2            36.0     1.1893   0.1715   0.2240  
17       SN4a       36,37,38             C,O,C                3            54.0     1.3850   -0.0196  0.1808  
18       TN6        39,40                C,O                  3            36.0     1.3467   -0.2436  0.1071  
19       TP1d       41,42                C,O                  1            36.0     1.3759   -0.1183  -0.1014 
20       TN6        43,44                C,O                  2            36.0     1.1808   -0.0948  0.0690  
21       TN6        45,46                C,O                  2            36.0     1.1278   0.4321   -0.0008 
22       TN6        47,48                C,O                  2            36.0     0.9253   0.4959   -0.0298 
23       TN6        49,50                C,O                  2            36.0     0.7695   0.3816   0.0635  
24       SN6        51,52,53             C,C,O                2            54.0     0.6006   -0.1725  0.1204  
25       TC3        56,57                C,C                  2            36.0     0.3750   -0.0988  -0.1572 
26       TC4        60,61                C,C                  3            36.0     -0.3800  0.0020   -0.2332 
27       TP1d       62,63                C,O                  1            36.0     -0.3333  -0.1676  -0.3547 
28       TN4a       64,65                O,C                  3            36.0     -0.5922  -0.1913  0.1610  
29       SN4a       66,67,68             C,O,O                1            54.0     -0.5830  -0.1822  0.3771  
30       TN6        69,70                C,O                  2            36.0     -0.6535  -0.4241  0.2023  
31       TN4a       73,74                O,C                  3            36.0     -1.0143  -0.3037  -0.2350 
32       TP1d       75,76                C,O                  1            36.0     -1.1508  -0.4529  -0.2998 
33       TN6        77,78                C,O                  2            36.0     -1.0465  -0.1095  -0.3550 
34       TN6        79,80                C,O                  2            36.0     -1.1259  -0.0018  -0.1891 
35       TN6        81,82                C,O                  2            36.0     -0.8844  0.0994   0.2105  
36       TN6        83,84                C,O                  2            36.0     -1.0025  0.0993   0.3914  
37       TN6        85,86                C,O                  2            36.0     -1.0459  0.2924   0.2991  

Bead connections
--------------------------------------------------------------------------------
index    to_idx   bond    
0        1        1.0     
0        37       1.0     
1        2        1.0     
1        35       1.0     
2        3        1.0     
2        34       1.0     
3        4        1.0     
3        31       1.0     
4        5        1.0     
4        30       1.0     
5        6        1.0     
5        28       1.0     
6        7        1.0     
6        26       1.0     
7        8        1.0     
7        9        1.0     
7        26       1.0     
8        9        1.0     
9        10       1.0     
9        11       1.0     
10       11       2.0     
11       12       1.0     
11       25       1.0     
12       13       1.0     
12       24       1.0     
12       25       1.0     
13       14       1.0     
13       24       1.0     
14       15       1.0     
15       16       1.0     
15       21       1.0     
15       23       1.0     
16       17       1.0     
17       18       1.0     
17       20       1.0     
18       19       1.0     
18       20       1.0     
21       22       1.0     
22       23       1.0     
26       27       1.0     
28       29       1.0     
28       30       1.0     
31       32       1.0     
31       33       1.0     
33       34       1.0     
35       36       1.0     
36       37       1.0     