Compound: TPCN06058
SMILES:   CC1(CO)CCC23COC4(CCC5C6(C)CCC(OC7OCC(OC8OC(CO)C(O)C(O)C8OC%10OCC(O)C(O)C%10O)C(O)C7OC9OC(CO)C(O)C(O)C9O)C(C)(C)C6CCC5(C)C4(C)CC2O)C3C1

All beads
--------------------------------------------------------------------------------
index    bead_type  atoms_idx            atoms_elem           #conns       mass     x        y        z       
0        SC4        0,1,73               C,C,C                3            54.0     0.8760   0.3191   0.2125  
1        TP1d       2,3                  C,O                  1            36.0     0.7399   0.4873   0.2190  
2        TC3        4,5                  C,C                  2            36.0     0.9810   0.2873   0.0156  
3        SC4        6,9,72               C,C,C                6            54.0     0.7686   0.1094   0.0154  
4        TN4a       7,8                  C,O                  1            36.0     0.8345   -0.0410  0.0433  
5        TC3        10,11                C,C                  2            36.0     0.5252   -0.0394  0.1458  
6        SC4        12,65,66             C,C,C                4            54.0     0.5356   -0.1811  -0.0700 
7        SC4        13,14,62             C,C,C                4            54.0     0.2431   -0.0940  -0.0494 
8        TC3        15,16                C,C                  2            36.0     0.1316   -0.2769  0.0381  
9        TN6        17,18                C,O                  3            36.0     -0.0701  -0.2225  -0.0916 
10       SN4a       19,20,21             C,O,C                3            54.0     -0.3242  -0.1121  -0.1446 
11       TN6        22,23                C,O                  3            36.0     -0.5547  -0.0220  -0.0491 
12       SN4a       24,25,26             C,O,C                4            54.0     -0.7994  0.0417   0.0411  
13       TP1d       27,28                C,O                  1            36.0     -1.0107  -0.1135  0.0003  
14       TN6        29,30                C,O                  2            36.0     -0.9944  0.2009   0.0831  
15       TN6        31,32                C,O                  2            36.0     -0.8294  0.3445   0.0495  
16       TN6        33,34                C,O                  3            36.0     -0.7061  0.2214   -0.0716 
17       SN4a       35,36,37             C,O,C                3            54.0     -0.6072  0.2583   -0.3138 
18       TN6        38,39                C,O                  2            36.0     -0.7233  0.3520   -0.5306 
19       TN6        40,41                C,O                  2            36.0     -0.6837  0.5296   -0.4291 
20       TN6        42,43                C,O                  2            36.0     -0.7711  0.4238   -0.2662 
21       TN6        44,45                C,O                  2            36.0     -0.5102  -0.1827  0.0865  
22       TN6        46,47                C,O                  3            36.0     -0.2996  -0.2115  0.1003  
23       SN4a       48,49,50             C,O,C                4            54.0     -0.3565  -0.3556  0.3196  
24       TP1d       51,52                C,O                  1            36.0     -0.5486  -0.4892  0.5080  
25       TN6        53,54                C,O                  2            36.0     -0.2884  -0.5279  0.5131  
26       TN6        55,56                C,O                  2            36.0     -0.2134  -0.3304  0.5344  
27       TN6        57,58                C,O                  2            36.0     -0.1462  -0.2226  0.3724  
28       SC4        59,60,61             C,C,C                2            54.0     0.0540   -0.1806  -0.2621 
29       TC3        63,64                C,C                  2            36.0     0.4042   -0.1885  -0.2528 
30       SC4        67,68,69             C,C,C                3            54.0     0.6167   0.0512   -0.1530 
31       TN6        70,71                C,O                  2            36.0     0.8930   0.1140   -0.2278 

Bead connections
--------------------------------------------------------------------------------
index    to_idx   bond    
0        1        1.0     
0        2        1.0     
0        3        1.0     
2        3        1.0     
3        4        1.0     
3        5        1.0     
3        30       1.0     
3        31       1.0     
5        6        1.0     
6        7        1.0     
6        29       1.0     
6        30       1.0     
7        8        1.0     
7        28       1.0     
7        29       1.0     
8        9        1.0     
9        10       1.0     
9        28       1.0     
10       11       1.0     
10       22       1.0     
11       12       1.0     
11       21       1.0     
12       13       1.0     
12       14       1.0     
12       16       1.0     
14       15       1.0     
15       16       1.0     
16       17       1.0     
17       18       1.0     
17       20       1.0     
18       19       1.0     
19       20       1.0     
21       22       1.0     
22       23       1.0     
23       24       1.0     
23       25       1.0     
23       27       1.0     
25       26       1.0     
26       27       1.0     
30       31       1.0     