Compound: TPCN03233
SMILES:   Cc1cccc2c1ccc4c3occ(C)c3c5ncoc5c24

All beads
--------------------------------------------------------------------------------
index    bead_type  atoms_idx            atoms_elem           #conns       mass     x        y        z       
0        SC4        0,1,2                C,c,c                2            54.0     -0.4282  -0.0159  -0.0203 
1        TC5        3,4                  c,c                  2            36.0     -0.2702  0.2011   0.0272  
2        TC5e       5,6                  c,c                  4            36.0     -0.1931  0.0075   -0.0064 
3        TC5        7,8                  c,c                  2            36.0     -0.1200  -0.1888  -0.0406 
4        TC5e       9,21                 c,c                  4            36.0     0.0162   -0.0316  -0.0053 
5        TC5        10,15                c,c                  4            36.0     0.2242   -0.0758  -0.0053 
6        TN2a       11                   o                    2            36.0     0.2385   -0.2401  -0.0358 
7        SC4        12,13,14             c,c,C                2            54.0     0.4304   -0.1089  -0.0033 
8        TC5        16,20                c,c                  4            36.0     0.1616   0.1183   0.0289  
9        TN6a       17,18                n,c                  2            36.0     0.2556   0.2601   0.0596  
10       TN2a       19                   o                    2            36.0     0.0850   0.2616   0.0530  

Bead connections
--------------------------------------------------------------------------------
index    to_idx   bond    
0        1        1.5     
0        2        1.5     
1        2        1.5     
2        3        1.5     
2        4        1.5     
3        4        1.5     
4        5        1.5     
4        8        1.5     
5        6        1.5     
5        7        1.5     
5        8        1.5     
6        7        1.5     
8        9        1.5     
8        10       1.5     
9        10       1.5     