Compound: TPCN00191
SMILES:   CCC1CN(C)C2Cc3c([nH]c4ccccc34)C(c6ccc8[nH]c5c(c8c6)CCN7C(CC(C)=O)C9CC(CC)C7C5(C(=O)OC)C9)CC1C2C(=O)OC

All beads
--------------------------------------------------------------------------------
index    bead_type  atoms_idx            atoms_elem           #conns       mass     x        y        z       
0        TC3        0,1                  C,C                  1            36.0     0.1408   0.3148   0.0460  
1        TC3        2,3                  C,C                  3            36.0     0.2889   0.1837   -0.0705 
2        TC4        4,5                  N,C                  2            36.0     0.3197   -0.0076  -0.2219 
3        TC4        6                    C                    3            36.0     0.4865   0.0268   -0.1403 
4        SC4        7,8,9                C,c,c                4            54.0     0.5107   -0.1741  -0.0255 
5        TN6d       10                   n                    2            36.0     0.4676   -0.3181  0.1621  
6        TC5        11,16                c,c                  4            36.0     0.5833   -0.3560  0.0438  
7        TC5        12,13                c,c                  2            36.0     0.6610   -0.5424  0.0958  
8        TC5        14,15                c,c                  2            36.0     0.7293   -0.4418  -0.0781 
9        TC3        17,47                C,C                  3            36.0     0.3525   -0.0389  0.1527  
10       TC5        18,26                c,c                  3            36.0     0.1402   -0.1077  0.0915  
11       TC5        19,20                c,c                  2            36.0     0.1221   -0.2241  -0.0848 
12       TC5        21,25                c,c                  4            36.0     -0.0474  -0.1467  0.0073  
13       TN6d       22                   n                    2            36.0     -0.1801  -0.1864  -0.0928 
14       TC5        23,24                c,c                  4            36.0     -0.2129  -0.0955  0.0495  
15       TC3        27,28                C,C                  2            36.0     -0.2268  0.1010   0.1583  
16       SC3        29,30,35             N,C,C                4            54.0     -0.4920  0.0975   0.1246  
17       SN5a       31,32,33,34          C,C,C,O              1            54.0     -0.6821  0.2551   0.2950  
18       SC3        36,37,40             C,C,C                3            54.0     -0.5424  0.0788   -0.0543 
19       TC3        38,39                C,C                  1            36.0     -0.6546  0.1096   -0.2744 
20       TC3        41,46                C,C                  4            36.0     -0.4523  -0.0979  0.0430  
21       N4a        42,43,44,45          C,O,O,C              1            72.0     -0.5204  -0.2301  -0.1849 
22       TC3        48,49                C,C                  4            36.0     0.4748   0.1253   0.0318  
23       N4a        50,51,52,53          C,O,O,C              1            72.0     0.6879   0.2860   -0.0423 

Bead connections
--------------------------------------------------------------------------------
index    to_idx   bond    
0        1        1.0     
1        2        1.0     
1        22       1.0     
2        3        1.0     
3        4        1.0     
3        22       1.0     
4        5        1.5     
4        6        1.5     
4        9        1.0     
5        6        1.5     
6        7        1.5     
6        8        1.5     
7        8        1.5     
9        10       1.0     
9        22       1.0     
10       11       1.5     
10       12       1.5     
11       12       1.5     
12       13       1.5     
12       14       1.5     
13       14       1.5     
14       15       1.0     
14       20       1.0     
15       16       1.0     
16       17       1.0     
16       18       1.0     
16       20       1.0     
18       19       1.0     
18       20       1.0     
20       21       1.0     
22       23       1.0     